502771455448
0000000000
5050110865
7717740650
421803121713
1112400051
7842502149
772729966819
9710085051
780621198628
9717038484
7734407642
772138603506
7743336155
771609060940
772634773209
772803801661
7704366318
711105994893
772993498040
772371592640
7810772054
771205870674
7809024047
7712108021
7703023646
7706202481
7709303960
7713076301
7733573894
7704211201
7706201978
7708503727
7707049388
000000000000
000000000000
7740000076
772446683908
770503094337
7724261610
000000000000
000000000000
000000000000
7710280644
5050030088
7723479099
000000000000
7831000034
7702077840
7702235133
7702235133
3525023780
5260059340
5249013007
3801002781
3906098008
5012003647
7831000147
7750004150
7705285534
7725114488
7702070139
7710401987
7730060164
7729405872
7705260427
7713073043
7710030411
7728168971
7744000302
7744001497
7736153344
7706092528
7705011011
7713001271
7701041336
7744000912
7709138570
7706092528
7709129705
7705420744
7734202860
6608007473
0274062111
1001011328
1653001805
1435138944
7707083893
2225031594
7702165310
7710168360
500913667630
500905348006
771001182119
7710170659
0323033525
771409031765
771542145210
7709397260
771400356102
20991
7750004023
7813061041
7718858599
7726586540
366313298946
772133336367
7736511913
770701857478
7801075160
7705380065
500901910778
771547622530
6678011811
7709219099
780701268172
7703548386
7725153751
7710248947
5408117935
7719619219
771518716952
7719555477
7728530221
6315376946
7710578825
772604918231
7718620740
7743698099
772133336293
771902996650
7709221010
645400664350
772138329701
772151013023
772632980496
2320109650
7733752565
7743759658
7715894493
7703004072
5410114184
7726677268
7712095220
770106040303
771682718580
504502088049
7801268965
780216281160
504702293831
773179911406
7713387530
7706107510
362601860434
7736050003
7705035630
7711056412
7707773135
771578400449
7812018149
1901021632
7710152113
500904996727
7710357167
771524988601
5501047418
027402043779
7707794576
771509068039
771518541780
911109403410
7715750741
7726030449
8602060555
7731254282
7729003482
7708586032
7812001441
772601997098
773179911646
7710479694
7721009186
7717592071
501806950797
503216481553
7720758680
4716016979
6316031581
7708004767
8401005730
5406121446
710701476604

7718581509

2540088194

253602443250

7709341476

2129013377

7708168370

6367002370

7719442770

7710951733

7710436796

7720415019

7726692072

7719431312

7731020541

2540088194

7702165310

7733291307

1655164523

771303151043

502713034666

7701074412

7703585780

15538

780106509849

5406755146

7705967939

771919646036

251702194010

7724948850

771599204572

7710140679

143519250704

9909450290

7712088223

7731038186

742300822000

6452926486

7719263354

771509160154

7701733190

500203521080

000000000000

782508772272

780722771387

780528828106

382900195267

2308214961

7801012233

780711957005

771808293385

771506722493

774300909800

772618536810

7743143989

7724362590

773106000120

772372338245

780202808841

780713781727

781100901018

7717116241

6608008004

343501385625

7840060671

773103339130

772730325457

7734635021

780411580284

6659099112

781131247363

0541016015

780405090193

7728728302

7743842095

7715560268

7728142525

7709573780

9710006645

7703548386

7710404441

7710137066

7718749938

7708171870

7702808708

7705042179

7715908393

7709613659

7701847528

9705055855

7702235133

7728246490

7703633553

780428022520

7736643155

771811380373

000000000000

7705957761

1215039585

7743020560

7720692220

7728359863

7707583536

773506820293

7715469932

7703634613

784390189275

05736

7724307350

7729355029

782509046322

780533560951

7716211735

781307119424

7715141387

780517215147

471600267282

7722836622

7725685393

7717088481

7704081545

7715679626

7722022528

420523792516

7703807489

6671253434

7701334244

0000000000

7706412930

7701409490

7717652161

7725315466

9705099845

6164096630

7718066931

7728742201

9909474438

7723390027

0000000000

0000000000

0000000000

7705658056

9909474607

7842350721

7703407240

781412568154

781616194404

780155080908

771311004860

782510093905

773770006508

6660040152

7724407040

7702077663

7718581523

782540131227

7525006439

0000000000

7725636283

771905778346

7730232695

7718175560

7813284175

9909480015

9710015061

780429931416

7720360088

0000000000

7735569389

0000000000

0000000000

6658486246

771705150434

253703227270

7713543228

3445028704

645318150785

7701033078

2540230387

7726703662

3906186173

7709958276

7702272022

7717107991

7707168089

0000000000

5008009854

774311010002

780603909406

7802640777

7825415827

7704327510

7702379840

402503420415

772410798302

782607072560

771704323807

7716618947

471304383088

7744002652

7708323273

7704847639

7714579594

7726581076

7719463515

402506114568

504905106734

7702391340

0000000000

773600937066

501808283789

7724428957

7744002187

7743040775

7714858630

7717703320

7726742911

7703030058

7701090559

7707386175

5072044870

772738080270

7710048970

505003899195

7726587769

5407198829

7706561875

7840303927

502900916587

7705525627

7725217596

772344566465

503408259880

771374322489

0000000000

7719819987

2508131670

773381643590

644910069606

771604356703

7711073471

5504036333

7730050504

771304819372

7723922659

7708066770

7704612010

7703104630

4346007053

7710861737

7709258228

6452924224

771550351872

672303413594

7701008530

00000

771878326901

7704854435

7803053926

504603201854

772908413916

2130190797

7725281489

236804277336

7725686206

7707349335

0278907401

000000000000

7705934210

7701797926

861200200182

7715725061

7705916300

7717290176

503607719490

7707332910

7705513188

771501830150

7705221227

7701791963

781011765606

7729633607

6506000327

7720033605

2202000656

000000000000

771403148478

7734353387

773117648177

7727034333

7801277230

770802397763

7707343703

782611148766

771401666844

7743014574

7707503643

682708746693

7719425196

631929499400

7728358972

7701831133

5017097550

7710728559

000000000000

7723393525

1111111195

7702526358

772491715870

7725707706

501208148146

7718919844

7806258128

600700531564

9705081245

7701017140

7728362947

7744002606

771765017067

771309668688

502702232183

773312898950

7721100460

463303763045

7705931717

773420521118

9701117028

504400273973

503402518218

7705994940

771523999336

7706150949

3333333330

7705929073

502805006475

7723405481

503113334067

7709284926

7722709600

771806098477

771523643844

7724268277

501810116520

7710900200

781108658703

7733673955

000000000000

7733654906

772774454481

772074998736

781400831587

7726625573

771201042630

7707593904

7717608860

7701548736

7713425111

7701241832

9909040800

7709454053

7735607443

782576842880

7703234453

7726085720

7704343600

2537092793

7702148410

7707583543

772778386183

7744000430

7701962739

7729361030

772201585830

2540121074

7702172846

7743285800

7203097350

7203097350

770407414369

6670124563

7705411669

5258086114

000000000000

501801785853

7716557099

772320154455

770201866322

672304794134

7718649443

5001123290

2319054371

501202999165

9909510661

7703445951

7723627413

7725367721

7724897885

7721549336

7714924427

7725499326

7750005531

503220700046

5038124702

7723168657

7716051506

471400354509

7825489723

7813379412

7751155392

2635159478

7724396261

773702029793

6659088819

262400184920

7720177163

2358006710

772637556019

026900166570

732808404655

622660825890

772627667841

7701155020

772111445203

772318509809

771682096107

1000000002

5260975777

772072480699

2464126504

0000000000

7720687284

7736675686

6672144910

772642615887

9909501360

7714060520

7725626743

782580884259

7701000971

7703472803

5260205496

7721685699

503206663522

7704835400

7743171658

7725088527

1655096633

771579283304

1435126890

781007885467

781007880564

781302787435

4826135520

7720743997

7704603343

000000000000

5433967333

7709797580

7725496149

7743255097

7801182940

7704338085

7725075133

7719425460

771002232235

7710294238

7703468363

7707816928

9701158458

7728830200

7728495697